400 4000
396 66
258 66
258 251
258 241
179 241
179 1
211 1
49 1
141 1
293 1
68 1
68 30
68 10
68 66
235 66
268 57
354 57
354 184
51 184
51 179
51 354
51 133
298 133
298 82
43 82
188 82
236 365
400 365
400 38
66 38
400 5
381 5
381 328
245 148
328 148
156 60
156 242
326 242
370 20
370 22
370 365
2 94
107 94
107 117
107 298
124 298
365 279
365 215
365 261
49 249
295 249
295 382
375 195
375 183
375 391
375 66
381 66
60 315
26 96
26 365
129 63
342 63
70 63
352 29
352 400
347 400
248 359
248 297
248 104
248 311
248 231
248 149
248 47
248 290
84 290
84 291
84 300
215 300
95 300
12 126
399 126
41 279
166 279
166 194
220 104
220 299
220 166
220 319
346 319
40 319
195 319
67 64
147 64
41 178
41 16
263 183
291 183
291 171
69 171
373 171
189 86
376 65
376 197
376 102
318 98
261 98
85 236
263 236
14 236
38 236
248 69
248 41
65 351
122 351
122 18
354 18
354 166
354 358
348 39
190 39
283 123
98 84
98 10
98 64
271 64
361 64
215 62
215 231
327 231
187 58
187 191
186 191
323 191
251 191
251 140
269 363
141 290
269 290
269 150
330 150
330 299
344 299
309 153
57 185
10 185
10 112
10 17
10 267
93 13
302 13
338 13
338 61
396 358
396 179
229 75
229 137
364 20
271 20
286 20
206 20
324 298
388 288
72 87
72 84
53 84
302 187
224 40
224 118
31 55
139 55
106 272
106 378
97 378
97 167
377 167
377 287
377 12
13 364
13 129
267 291
279 239
35 1
35 62
198 210
43 3
43 344
43 97
43 118
113 100
113 265
113 240
350 240
339 374
339 306
378 324
141 324
355 324
355 320
41 237
41 379
5 246
328 20
106 6
96 6
213 6
312 6
349 6
88 6
68 6
316 6
261 345
325 345
341 290
341 122
341 144
380 317
382 33
373 313
314 313
271 294
152 294
152 67
300 234
112 354
362 147
262 397
158 353
383 331
325 331
376 273
315 157
315 16
315 125
15 125
358 125
358 11
92 67
182 115
72 2
393 2
303 93
81 93
105 335
372 383
372 121
370 309
370 31
370 155
57 100
114 226
103 51
22 47
200 47
200 99
200 384
139 351
23 351
372 351
162 351
162 358
144 40
390 324
338 317
354 317
115 65
115 286
90 286
386 286
318 23
254 338
323 338
200 318
271 318
99 172
61 89
395 89
347 89
395 362
209 362
215 24
208 24
208 322
208 261
319 261
24 261
24 62
24 165
116 165
116 257
116 149
133 149
133 14
32 76
22 69
177 184
260 31
7 31
393 31
118 344
118 14
118 250
118 2
118 100
98 119
214 294
346 245
185 245
185 392
3 151
292 151
292 396
292 120
380 286
267 304
128 304
38 304
307 385
141 33
165 33
267 288
267 208
33 208
33 127
33 210
33 219
219 225
217 149
241 388
80 388
381 294
381 121
7 35
13 35
13 270
13 57
13 322
175 375
197 154
172 138
330 334
145 84
224 84
224 395
224 289
124 103
79 103
124 185
124 143
360 360
263 55
384 55
272 79
272 111
272 259
272 95
272 321
294 321
226 211
330 211
330 321
89 321
89 175
54 175
54 375
362 87
141 89
141 175
80 175
387 175
354 175
354 48
354 230
241 185
377 185
287 364
287 151
306 278
335 278
236 400
361 95
361 142
28 213
119 213
69 213
219 67
219 171
336 171
281 171
281 363
253 194
100 283
27 309
27 237
27 31
388 233
272 233
354 233
317 332
259 188
251 359
113 390
400 390
400 273
214 273
214 48
248 48
200 130
200 131
63 131
63 336
59 143
53 143
53 303
53 296
53 31
160 31
98 31
243 311
393 181
393 158
393 389
355 389
168 68
137 68
157 68
170 66
14 143
310 143
184 143
311 143
87 112
290 234
153 322
384 322
384 258
102 147
102 301
102 384
374 17
367 17
367 353
119 290
102 290
125 117
211 117
383 231
294 122
294 99
205 251
205 132
50 132
342 132
342 239
342 222
90 222
90 266
16 266
16 356
16 6
134 6
367 18
270 18
333 18
200 18
109 385
205 385
47 217
47 57
380 141
60 392
60 113
328 113
328 243
328 208
384 208
384 336
270 337
270 49
270 279
270 373
47 177
47 312
47 249
14 249
14 99
3 99
384 99
269 366
269 325
269 159
3 159
90 278
90 277
90 108
90 26
90 49
90 325
169 325
366 243
194 265
346 265
132 131
132 198
132 375
246 375
246 304
340 304
330 304
65 304
67 134
319 134
201 326
201 48
201 367
69 367
69 347
301 347
139 333
139 313
139 140
350 291
106 35
228 275
397 275
70 275
80 360
200 174
354 211
354 288
354 53
219 163
199 163
199 284
367 239
367 381
51 381
68 280
63 280
198 44
273 107
273 252
273 218
160 259
301 259
154 259
118 329
110 229
110 363
110 83
104 20
104 274
239 5
106 14
385 261
244 323
23 214
23 278
23 32
52 164
156 94
156 344
389 344
144 251
313 251
382 228
270 228
270 93
75 93
256 294
272 34
202 34
202 330
202 309
262 309
262 60
262 257
262 171
274 171
288 96
192 96
192 390
320 305
320 139
32 139
339 139
339 350
339 343
339 194
51 79
51 23
51 309
298 309
298 23
325 23
7 245
7 13
7 101
7 214
363 37
363 111
112 347
42 294
189 294
210 162
210 113
316 239
28 239
245 31
235 31
34 287
34 149
275 64
310 157
325 157
245 157
245 304
261 372
318 372
153 372
153 348
57 348
58 348
58 231
396 231
396 322
287 322
287 266
306 266
240 309
328 161
356 161
105 73
146 73
356 66
304 155
361 155
361 164
72 343
229 116
229 362
211 362
12 362
12 71
221 172
333 172
400 205
400 292
23 349
23 47
293 222
47 222
47 331
97 331
97 359
97 250
97 86
97 233
97 125
320 224
320 179
53 179
24 179
24 163
88 60
298 60
128 332
55 332
400 332
400 329
274 365
162 86
127 86
330 86
330 182
330 1
149 1
166 267
166 145
197 17
85 330
41 330
188 330
188 346
394 346
394 1
382 1
188 286
300 73
303 73
348 145
348 251
107 251
208 339
321 240
372 298
400 229
39 177
374 305
374 257
394 191
240 370
240 317
240 183
255 183
179 167
300 19
397 252
397 396
397 23
313 23
2 331
2 143
102 143
284 143
247 78
64 78
212 78
319 78
126 16
225 16
364 30
304 30
361 32
6 218
249 95
249 244
80 244
304 244
304 267
176 267
187 267
29 286
40 286
113 88
183 88
230 88
230 57
230 32
25 32
222 32
222 59
222 314
222 183
222 218
223 218
268 218
389 181
27 124
27 21
372 21
372 363
182 363
182 40
117 40
117 64
117 274
121 274
68 274
333 379
153 379
153 148
153 382
248 46
145 111
145 34
145 8
117 8
180 8
242 8
242 134
205 78
169 212
133 287
252 47
382 329
173 41
173 306
18 83
18 345
18 224
18 54
325 54
279 288
279 209
106 209
250 158
250 207
281 207
281 358
58 153
128 153
128 15
66 163
179 163
247 246
247 133
84 133
363 16
71 16
36 16
386 20
367 20
54 127
54 394
54 244
256 44
253 44
29 44
29 95
258 95
258 175
368 175
368 58
35 58
35 192
112 192
57 192
272 45
272 299
257 52
257 232
97 68
316 364
316 12
316 389
222 389
222 85
50 399
201 399
186 288
395 187
199 369
151 369
151 233
151 94
261 82
204 82
99 82
190 82
190 311
396 311
396 116
395 116
341 148
189 105
341 105
317 105
317 231
358 231
240 231
38 85
38 379
38 135
189 135
189 395
52 395
251 395
330 395
218 262
195 77
183 241
352 241
352 299
352 354
267 354
267 65
310 65
310 351
5 351
267 351
231 145
387 145
235 145
235 100
63 100
298 240
2 43
2 193
13 183
227 115
227 309
43 309
340 319
381 368
137 368
137 216
137 391
289 391
170 391
170 215
170 384
170 1
347 273
347 236
320 152
320 358
320 98
54 380
107 380
41 380
66 380
45 380
104 308
161 308
161 154
321 165
321 75
308 75
95 75
95 15
166 49
301 49
214 367
196 200
83 200
376 200
376 31
9 31
370 160
393 379
301 379
377 379
377 292
377 168
38 307
250 307
96 307
182 307
62 307
62 16
331 16
250 69
160 69
336 69
67 319
267 247
267 366
377 277
110 210
156 346
252 346
266 316
266 18
266 139
59 139
248 167
248 2
248 389
248 243
162 374
162 142
162 294
195 167
13 334
195 223
56 223
324 223
252 223
132 223
132 57
221 57
321 57
321 400
376 400
281 130
282 130
282 60
225 22
12 125
12 296
308 44
308 84
308 201
270 358
268 271
25 158
299 53
299 43
212 286
26 60
26 376
26 346
275 99
275 204
275 179
367 174
398 94
241 278
241 235
181 157
71 157
60 157
60 31
157 327
55 327
258 327
258 82
258 164
258 247
258 398
129 398
208 260
273 260
273 277
143 241
143 9
259 254
178 254
109 254
109 314
188 314
14 111
285 115
17 115
17 327
17 67
183 75
109 75
109 294
211 51
341 51
180 51
179 45
179 345
344 289
344 277
345 216
381 159
381 276
212 276
212 113
311 155
311 51
281 114
36 114
43 345
383 345
144 345
144 85
144 340
58 340
314 340
122 340
128 261
137 91
354 216
354 311
336 358
223 50
223 336
306 254
306 142
306 56
306 50
389 164
236 274
360 376
360 208
360 17
296 394
344 284
179 284
102 142
247 210
247 46
311 206
221 206
335 206
335 4
192 210
234 210
87 298
87 186
146 295
146 96
383 71
306 291
306 116
94 233
245 233
139 123
11 80
369 80
369 179
369 357
250 185
250 327
180 24
336 24
75 261
75 174
387 167
323 259
50 259
50 94
50 71
215 81
356 19
356 170
356 38
244 38
244 19
201 19
201 295
150 98
315 361
148 361
165 361
165 172
326 172
53 172
114 172
319 216
169 268
19 268
163 52
271 52
56 52
369 52
173 251
173 230
256 27
131 27
204 27
179 74
133 74
391 244
180 244
180 346
370 184
141 68
214 116
292 287
292 237
292 92
292 179
3 46
338 7
338 384
338 394
99 394
369 394
26 394
26 300
11 135
259 135
259 205
31 123
31 107
31 247
33 247
60 155
259 155
270 109
270 168
349 168
349 8
349 98
355 98
355 228
280 309
200 43
258 356
52 60
52 137
52 371
301 327
260 327
260 254
260 70
76 70
137 70
137 229
229 96
287 219
162 396
162 333
38 333
65 333
149 157
341 182
123 182
186 59
138 9
138 61
116 61
107 340
24 197
78 141
30 141
184 141
184 52
184 300
15 154
239 291
239 127
272 37
257 37
257 234
270 234
270 123
243 123
199 123
199 387
91 387
331 387
12 387
12 17
390 254
391 254
31 254
31 154
231 271
328 271
328 214
286 214
356 254
356 274
1 219
1 212
59 212
59 163
298 163
298 319
236 225
244 225
267 306
299 195
46 195
280 195
280 331
33 139
33 245
33 384
33 371
33 299
46 299
64 299
211 299
277 299
357 299
48 137
48 296
48 77
81 77
301 77
341 375
371 375
306 143
41 143
41 44
63 164
395 238
44 32
44 59
388 59
388 137
388 368
388 264
388 214
323 348
272 348
244 348
221 348
169 348
327 348
327 249
327 86
327 44
128 67
128 129
271 275
161 275
254 275
153 275
153 159
12 159
163 159
163 64
163 38
163 297
66 297
115 34
115 63
115 213
303 327
303 301
362 301
258 301
177 301
177 151
31 276
169 12
173 12
317 139
68 319
253 319
353 319
359 319
375 167
202 167
104 167
261 217
34 163
313 163
124 163
99 216
50 109
50 337
128 337
375 337
375 375
305 303
160 303
160 131
160 378
147 49
185 49
192 180
192 79
296 79
279 245
47 88
47 361
322 109
111 109
111 369
334 369
73 297
73 234
384 234
384 267
252 280
246 280
102 280
312 280
262 146
262 36
262 272
262 190
262 275
262 262
262 281
21 111
341 111
355 329
368 244
368 340
368 151
49 229
49 256
27 97
177 97
201 99
247 99
381 284
234 209
218 209
111 209
18 369
95 369
95 354
95 378
320 378
30 378
85 306
340 306
101 191
341 299
224 299
224 30
224 263
389 263
389 186
239 186
239 44
134 44
134 137
134 332
211 393
169 393
169 372
207 372
207 202
129 202
129 204
129 154
129 87
129 109
129 357
211 53
364 53
364 392
275 321
275 97
301 12
376 12
376 179
101 179
241 179
90 107
224 29
115 29
387 327
12 332
12 344
365 55
365 317
12 213
12 355
141 327
147 327
267 340
324 340
234 340
38 129
275 218
213 218
317 218
337 218
358 389
99 389
99 388
285 388
4 261
4 103
127 103
127 257
127 293
362 293
244 293
309 293
162 204
162 378
48 343
48 390
139 390
371 334
371 62
371 8
339 54
361 54
173 54
173 262
173 181
69 181
69 88
69 329
249 266
249 308
387 46
133 97
78 97
222 97
222 83
261 159
261 319
261 174
6 9
265 9
265 169
285 169
285 149
281 212
281 278
281 352
281 229
281 307
380 106
380 211
380 199
2 63
400 63
123 63
26 63
26 219
26 145
384 145
314 145
314 395
150 273
150 189
304 302
196 302
301 302
128 302
187 302
22 398
22 393
68 148
265 330
265 311
393 311
139 311
286 311
166 209
358 327
358 121
340 139
243 37
30 37
56 205
342 289
286 105
268 19
78 19
78 237
78 9
78 351
346 351
346 391
299 391
387 188
20 326
263 162
263 333
292 365
154 365
154 93
167 93
380 93
187 305
159 305
351 116
256 116
256 286
256 148
230 148
230 226
230 263
123 263
123 348
30 348
332 267
82 26
209 26
73 26
73 283
31 283
56 23
56 399
56 54
39 254
144 214
163 61
230 335
362 335
188 101
314 101
219 64
279 313
279 399
279 321
164 64
164 179
379 179
25 179
26 20
210 112
225 242
225 193
130 193
294 193
127 193
306 128
306 140
103 140
103 324
153 324
342 279
280 279
280 171
280 275
280 13
163 102
85 260
85 86
26 86
26 355
273 355
273 398
343 398
343 196
335 196
84 250
84 199
84 186
308 372
317 100
18 100
254 292
348 153
361 386
361 191
227 191
199 13
22 339
22 150
22 144
194 122
194 357
52 357
13 357
197 357
392 357
220 70
214 366
201 366
307 366
216 377
399 169
399 19
399 344
308 83
219 164
219 279
173 93
173 323
386 156
67 156
182 156
198 156
304 156
304 115
359 180
390 14
124 238
346 238
346 285
346 174
346 352
346 47
215 289
280 128
280 166
52 166
52 187
380 84
349 161
239 231
239 235
239 20
239 176
239 18
239 45
106 345
8 345
334 345
334 302
334 62
56 62
56 177
313 177
179 310
219 310
354 310
386 45
386 91
143 91
214 76
100 3
100 244
242 59
242 17
124 17
164 260
118 52
118 346
118 258
200 57
335 57
335 397
242 339
226 160
226 219
226 25
332 360
340 360
162 360
162 28
392 79
327 79
311 170
138 233
393 233
105 233
164 233
363 279
363 150
363 387
363 272
363 252
363 149
363 170
220 320
367 320
367 221
84 221
84 191
234 191
234 108
126 108
62 332
338 332
283 7
34 7
208 174
246 104
374 104
134 144
134 371
263 371
150 221
150 76
150 365
150 247
150 232
150 380
65 155
65 148
27 155
146 101
108 101
108 167
139 79
139 282
393 289
393 337
29 47
290 119
313 191
76 191
76 220
172 149
48 313
140 313
38 313
38 369
16 369
393 148
185 148
197 99
197 216
197 69
370 69
370 103
143 103
175 103
296 103
71 103
71 322
71 198
12 215
186 326
248 230
248 284
248 246
248 280
317 280
175 52
175 352
175 148
207 368
75 368
75 386
340 386
36 24
349 64
349 320
349 366
156 366
161 366
161 385
2 385
366 385
366 353
368 353
336 256
268 243
170 243
170 173
250 173
334 365
334 320
195 313
320 313
320 151
124 76
108 275
309 275
194 275
315 288
60 227
385 17
385 103
335 103
53 103
82 179
82 394
295 394
260 178
286 243
383 233
320 122
320 264
157 264
377 264
14 264
123 264
123 305
123 50
177 345
394 345
394 24
394 80
394 3
31 312
191 18
153 96
173 389
57 356
57 103
87 103
87 256
133 205
355 205
355 120
24 120
305 120
83 120
64 120
64 350
400 350
400 72
250 261
146 86
12 2
260 309
361 309
133 214
98 17
98 275
177 90
128 211
52 211
52 184
393 184
110 184
136 214
190 214
389 214
389 374
96 374
255 188
331 219
336 324
165 265
399 292
328 117
181 117
249 281
397 142
397 195
296 195
325 195
325 102
137 102
137 172
137 386
134 386
134 121
134 157
398 163
398 246
29 246
29 74
29 375
79 134
79 372
79 187
97 383
97 107
110 92
278 251
369 120
224 389
236 265
62 265
151 265
151 67
381 67
307 16
307 147
318 181
318 36
29 36
209 115
147 89
147 356
147 331
147 180
147 265
171 265
171 105
255 163
89 126
325 126
239 126
372 265
372 245
197 245
197 161
122 51
314 51
154 247
387 247
150 291
150 366
390 181
390 217
390 24
351 296
190 296
190 278
50 145
50 72
50 97
96 97
129 279
129 244
316 244
272 244
95 244
285 163
315 163
281 45
281 386
150 386
223 377
209 377
278 183
278 198
250 198
250 3
168 136
168 341
168 231
168 230
168 356
206 356
43 356
72 356
72 47
12 47
225 47
381 47
338 131
382 135
352 145
352 389
330 389
330 141
330 241
268 207
160 207
225 207
290 207
357 207
116 207
45 207
35 101
21 191
244 44
140 175
183 249
149 249
149 223
149 197
39 81
39 197
223 197
32 344
32 349
155 265
155 314
95 314
95 216
95 110
95 143
136 143
375 143
186 235
186 365
84 365
106 365
106 217
329 217
393 107
343 175
306 175
334 89
207 1
392 1
270 205
80 229
80 88
277 88
221 88
56 260
301 260
346 353
346 233
123 129
143 129
303 129
291 367
291 204
74 204
289 204
301 204
33 204
79 206
168 206
168 255
110 212
110 214
110 213
110 105
46 105
169 105
169 142
390 142
390 109
72 313
328 39
328 225
30 352
30 162
175 162
228 162
104 162
226 162
134 244
134 250
76 137
206 137
206 353
22 353
22 94
250 94
161 94
352 181
77 27
42 327
297 327
257 327
44 236
327 147
359 34
359 231
14 231
398 174
398 70
398 254
17 157
17 219
358 219
272 87
133 87
133 259
133 311
383 292
362 229
67 33
55 33
55 85
55 369
55 164
55 219
55 45
55 119
55 341
397 12
163 153
163 45
318 249
245 348
229 348
229 259
229 388
229 320
312 320
312 372
312 50
257 50
101 50
199 224
248 223
248 391
212 391
212 191
282 191
282 265
282 216
283 216
283 243
283 309
285 309
49 291
260 291
260 317
223 317
189 317
248 317
40 317
40 353
40 288
249 288
249 358
303 382
303 83
76 83
9 43
178 43
334 376
191 376
286 376
286 133
286 297
266 181
189 181
166 181
333 181
333 258
333 71
321 71
226 71
226 51
226 134
213 135
213 377
353 188
353 327
19 327
1 155
186 155
186 84
344 84
138 154
294 154
84 15
84 46
268 46
239 230
239 160
276 296
276 153
276 31
208 31
175 31
175 338
175 58
212 58
376 58
250 189
218 100
325 100
108 100
319 77
113 77
349 359
345 359
14 17
14 385
183 385
183 339
183 220
208 220
279 292
258 370
133 27
172 219
172 349
172 119
213 206
174 206
174 329
241 329
74 372
195 242
195 381
195 396
352 396
352 207
220 41
220 221
183 119
263 8
178 218
78 27
360 27
147 249
147 250
360 393
94 175
94 170
70 154
70 9
10 10
10 62
189 33
10 33
94 33
94 71
94 190
382 190
88 190
260 343
260 139
145 254
145 311
202 64
300 26
367 54
250 223
38 54
263 54
263 101
339 181
217 108
273 108
187 108
239 224
334 224
80 29
80 98
80 3
80 47
249 69
166 69
380 201
380 289
380 99
52 99
149 99
366 99
185 99
382 99
57 55
57 376
57 152
57 332
265 285
265 105
359 105
241 122
7 122
189 134
282 335
282 48
36 146
36 132
36 6
36 291
36 142
36 317
36 12
344 103
86 338
323 223
369 251
369 99
346 99
68 4
37 4
37 164
37 46
337 365
337 335
361 335
361 188
361 274
361 277
375 277
375 70
332 284
139 20
36 377
36 180
22 178
277 253
103 253
217 71
68 71
144 71
144 283
116 283
355 302
364 308
383 308
314 341
62 341
171 332
380 150
185 150
185 398
185 23
291 203
106 203
241 203
142 142
353 296
282 296
282 37
341 113
158 400
192 117
369 170
159 170
273 324
180 36
180 233
180 271
108 271
226 271
275 271
109 67
224 306
253 67
239 67
332 226
332 115
267 369
267 205
267 233
267 103
48 396
57 167
160 338
160 267
160 333
319 333
87 333
87 343
87 217
372 217
87 345
109 271
6 271
254 271
254 93
305 55
159 55
159 314
159 174
159 265
385 265
385 90
22 90
23 90
297 124
297 360
395 360
395 396
7 160
205 160
322 160
302 160
244 28
5 28
344 107
344 356
127 32
378 32
378 291
378 143
387 143
9 143
9 80
9 32
365 32
365 302
365 386
28 56
157 362
342 204
64 204
64 320
64 367
241 367
241 286
35 11
219 44
219 162
334 284
235 284
235 208
235 226
182 177
177 177
155 252
58 252
150 252
254 252
254 320
84 320
399 116
32 116
310 116
374 120
349 286
57 286
93 286
242 351
242 162
321 140
52 140
120 140
104 140
179 140
179 91
390 216
229 216
229 12
324 70
266 70
266 200
272 200
101 264
384 361
279 65
362 65
24 229
77 234
349 13
349 177
290 177
350 117
63 117
70 117
70 320
73 320
73 389
310 389
252 389
204 389
100 33
100 84
100 252
100 87
100 1
317 1
194 156
77 45
77 154
298 154
298 374
304 136
64 282
311 91
212 91
212 350
175 350
175 238
38 238
38 127
50 127
50 173
271 173
340 173
340 181
146 181
146 27
354 27
225 27
225 31
225 393
333 393
333 169
368 169
127 357
361 77
361 392
361 141
361 202
221 202
159 153
159 212
57 212
57 84
147 84
11 234
165 317
165 122
165 232
248 357
248 312
168 312
363 312
152 40
263 280
224 280
199 352
184 352
138 331
23 196
23 15
23 292
284 132
166 6
335 359
137 359
137 394
137 255
137 334
214 110
331 110
131 110
97 110
384 266
163 25
399 234
19 210
295 62
295 136
69 136
69 17
69 324
69 204
8 204
8 249
9 238
54 342
231 342
189 357
189 99
385 228
3 308
10 308
10 57
271 218
340 218
340 114
217 377
264 377
390 26
155 299
155 133
65 133
103 133
334 287
334 198
223 4
223 182
276 332
256 332
45 201
45 99
58 99
283 99
283 356
315 235
240 316
28 316
28 293
28 347
290 347
365 59
372 59
372 173
54 173
353 173
25 173
367 173
367 380
353 15
353 271
68 372
19 372
19 64
19 200
19 58
385 58
253 159
308 159
240 293
333 152
390 394
272 21
272 88
86 88
12 384
142 165
142 375
211 199
337 199
337 135
337 243
63 243
255 243
255 298
227 298
227 5
20 5
257 207
257 49
257 99
100 2
192 389
80 389
187 389
160 389
33 140
301 140
301 92
110 43
322 43
322 13
45 383
62 383
62 395
62 209
62 272
127 28
296 28
296 24
274 24
274 139
173 139
173 207
394 207
78 207
310 207
251 207
251 360
181 360
326 360
326 227
268 293
323 31
95 368
190 388
190 246
262 246
231 246
231 29
165 133
380 327
334 327
241 146
79 146
362 353
242 353
107 5
234 158
234 28
217 21
143 159
143 146
143 156
389 156
348 156
79 390
33 131
33 108
50 138
50 189
50 313
50 78
50 365
50 90
81 283
114 283
114 241
114 167
114 216
237 106
237 92
237 180
325 233
83 233
83 274
134 245
134 134
174 363
174 18
174 30
222 211
41 211
41 76
41 173
65 318
188 318
370 318
370 75
274 75
251 75
199 75
199 289
199 6
154 363
343 126
145 126
145 213
145 363
14 305
203 305
43 305
357 305
363 66
247 356
247 92
1 92
134 92
57 257
62 257
291 34
26 34
369 34
315 34
99 215
268 126
233 156
48 144
48 249
6 249
157 363
157 256
119 256
77 92
137 378
137 211
190 53
190 399
119 399
122 90
61 90
16 183
239 183
239 14
239 169
239 302
100 302
100 220
245 230
292 230
292 200
271 368
271 377
70 377
87 377
154 377
198 191
39 191
39 171
39 176
348 97
187 98
286 33
37 94
330 159
377 32
377 173
377 181
248 61
277 68
18 130
252 130
252 83
325 83
325 252
398 252
140 42
140 145
301 145
317 220
340 220
5 220
5 178
359 178
385 112
147 113
265 113
173 67
146 67
47 259
202 259
202 143
202 45
392 45
51 45
216 45
143 348
5 365
5 376
67 356
290 21
290 349
371 349
340 349
340 94
108 57
108 44
108 25
383 346
383 95
69 127
81 127
328 32
197 181
197 283
217 283
138 81
226 81
226 63
212 199
212 202
38 108
38 246
38 169
350 169
253 370
253 157
253 74
253 301
253 262
238 262
69 210
69 223
156 223
54 223
341 110
341 64
388 74
381 74
173 74
333 74
399 287
79 287
79 397
14 397
14 349
14 251
172 109
99 109
374 113
374 335
383 55
272 55
380 264
380 248
101 259
101 338
101 353
396 353
24 264
24 336
226 375
249 375
249 302
249 90
337 90
121 264
121 87
399 352
376 121
375 121
375 119
375 138
375 269
175 36
399 318
303 17
188 91
51 305
51 86
51 186
51 75
269 75
269 345
269 270
375 270
178 270
101 270
86 395
169 269
192 269
188 264
110 264
325 264
370 264
370 206
288 22
288 110
288 168
196 168
196 295
142 295
386 264
263 264
263 259
302 259
302 5
302 140
317 140
317 296
95 393
286 356
286 281
237 289
172 221
271 221
166 221
302 322
45 388
341 388
40 388
148 388
206 399
316 399
316 393
316 203
340 19
199 190
116 77
240 77
234 51
373 97
373 265
373 263
343 78
148 78
224 78
339 151
339 124
366 124
206 124
166 124
391 265
173 265
173 343
173 75
173 384
173 58
394 58
176 219
176 213
176 8
176 202
176 52
231 52
107 52
107 125
33 15
261 15
386 146
386 47
86 46
157 112
157 9
157 166
259 285
259 277
259 62
78 265
331 117
9 117
389 117
290 98
310 276
75 276
297 233
157 233
45 233
321 15
393 15
41 259
149 259
30 221
30 154
313 380
163 5
4 5
4 386
4 192
119 192
119 74
216 323
169 112
169 353
147 353
123 353
118 353
3 353
144 66
279 165
176 133
394 120
394 281
394 215
394 236
394 12
53 10
107 158
176 158
336 4
98 4
98 59
246 59
240 38
83 138
40 248
324 258
324 377
324 349
195 144
195 355
110 110
195 110
199 110
264 110
330 110
310 110
95 148
247 4
96 4
96 311
213 207
354 193
339 136
288 136
14 146
47 146
47 270
256 270
290 270
290 36
158 36
158 14
158 235
150 235
150 176
281 97
30 292
174 292
82 277
303 277
52 198
180 198
215 198
323 198
194 198
70 211
70 269
70 361
253 361
178 361
262 361
262 378
262 369
262 268
279 268
279 220
248 204
143 130
143 111
263 110
263 75
225 75
366 93
239 93
239 320
239 351
39 309
306 309
46 5
381 103
303 55
303 214
262 214
262 183
318 183
306 261
306 5
231 5
94 5
353 119
356 119
373 119
370 158
370 317
370 236
41 236
267 190
267 299
144 159
347 395
186 395
186 391
26 391
312 391
397 391
319 391
87 391
124 196
124 175
208 175
208 295
332 295
332 301
133 127
133 73
133 164
133 95
265 60
265 16
231 16
231 339
297 339
297 97
297 359
297 340
63 241
63 154
63 345
63 84
65 60
74 60
208 314
248 314
248 28
1 144
302 144
192 156
103 113
103 71
117 71
117 124
117 278
162 278
162 196
32 273
374 273
117 204
172 204
109 204
370 204
41 87
85 278
208 278
107 385
10 385
349 385
30 66
30 10
337 57
344 57
344 130
344 313
140 391
179 391
312 398
199 398
318 111
318 322
28 65
28 39
28 57
28 186
113 280
37 369
325 369
316 249
314 163
127 163
127 106
127 80
243 80
361 80
62 80
200 80
200 115
248 115
360 115
360 204
360 392
304 322
304 329
335 329
335 98
335 1
335 156
236 117
54 186
54 229
54 113
54 225
54 367
341 367
354 145
369 256
369 314
364 277
287 277
287 26
150 174
200 264
200 245
50 245
386 337
386 377
386 26
386 9
72 9
72 43
72 38
330 38
330 256
168 344
70 344
116 344
116 338
274 277
362 277
29 117
29 23
273 23
259 306
355 217
355 208
27 165
197 165
66 165
94 160
335 160
259 160
259 284
259 224
259 311
349 7
82 7
161 7
156 135
156 101
156 263
156 235
156 278
30 70
30 318
30 346
324 74
69 59
309 59
309 19
309 147
151 147
253 371
4 371
172 371
172 378
263 378
300 378
375 378
387 378
67 378
70 378
96 380
314 380
189 161
286 161
360 355
233 355
233 109
226 199
18 199
306 208
22 64
22 46
241 46
241 221
241 375
280 58
207 164
207 112
207 373
198 398
91 365
91 15
265 15
265 145
265 90
143 90
143 316
195 316
268 158
268 335
74 335
272 11
377 11
331 11
172 11
229 233
180 158
180 16
285 305
86 305
291 154
184 262
184 255
184 332
184 285
238 285
238 194
382 194
96 243
96 202
96 273
281 273
215 273
22 273
22 289
22 305
22 307
174 302
368 302
59 302
59 384
267 384
267 189
267 371
267 45
90 74
174 234
272 234
124 234
124 186
324 193
266 190
112 238
217 145
286 145
95 77
393 77
324 323
41 323
302 323
302 277
302 352
302 184
159 302
278 208
162 208
162 356
162 250
162 277
3 121
352 121
116 105
91 312
264 387
147 387
147 168
200 242
90 101
121 101
262 396
57 396
390 396
344 211
138 211
305 211
254 211
254 397
252 397
252 182
378 182
183 182
183 92
68 92
118 92
379 92
188 92
233 92
189 92
157 92
83 385
83 349
83 53
266 394
338 101
338 73
338 220
338 69
108 211
182 211
202 19
202 389
202 162
42 335
184 335
184 70
279 70
279 271
139 271
139 207
373 207
96 207
91 30
91 7
361 6
272 6
272 137
333 265
166 265
175 377
175 187
175 345
40 345
153 270
345 270
308 248
261 22
261 400
370 126
306 126
113 126
113 33
139 33
38 33
91 145
91 282
252 282
252 1
174 1
174 291
223 291
223 305
91 305
352 294
352 111
352 209
67 242
67 285
225 4
225 119
330 301
330 169
330 246
340 142
255 203
203 203
193 193
340 193
103 193
369 14
44 133
44 79
4 79
4 77
266 77
23 77
245 77
245 298
245 395
38 395
245 338
245 308
245 63
253 198
209 380
280 380
163 307
25 307
266 307
266 5
132 5
321 19
268 253
101 253
1 253
1 131
40 131
218 344
335 344
74 310
165 60
180 4
180 342
102 390
274 390
207 84
207 121
180 21
180 91
357 251
38 251
279 251
279 373
85 109
365 119
62 119
62 365
352 102
352 15
352 221
259 221
259 50
200 50
393 50
41 50
140 50
140 189
55 19
90 95
387 95
292 184
292 211
81 211
261 211
261 69
262 51
390 51
390 59
390 12
281 96
158 96
158 392
133 64
133 220
133 31
45 127
238 61
36 61
40 61
102 61
53 273
136 273
250 273
250 33
344 33
200 287
181 223
181 366
181 61
310 61
109 371
109 92
204 92
232 338
283 202
25 202
223 202
350 202
350 398
171 398
167 67
213 242
5 242
5 296
5 87
5 13
5 43
73 143
368 99
199 68
114 76
114 2
114 266
297 173
333 173
300 173
300 387
300 202
316 202
324 66
82 279
82 267
156 189
28 189
62 189
137 189
137 79
215 330
172 330
304 44
50 44
50 169
95 169
308 169
308 351
95 247
266 318
9 318
9 308
9 115
129 115
369 115
369 96
147 96
273 96
327 96
327 181
327 2
68 2
68 125
68 367
150 367
217 200
217 231
90 231
210 231
210 352
15 25
15 360
209 360
159 360
308 102
66 283
5 283
226 283
226 104
226 10
226 9
156 9
78 267
300 45
109 45
321 45
321 73
94 73
173 185
173 216
173 393
173 40
379 40
379 116
292 116
318 116
66 116
66 367
66 47
182 47
47 344
334 332
336 332
131 63
303 284
347 165
347 133
347 317
44 359
193 359
188 359
207 61
207 71
112 71
338 236
211 244
211 186
306 186
306 307
360 290
285 290
285 179
191 203
191 168
191 371
145 371
22 371
15 367
42 367
42 398
182 236
371 175
249 245
314 184
314 149
254 268
254 113
151 194
151 42
151 8
151 180
16 57
102 249
219 249
194 97
296 97
296 236
343 260
61 260
214 260
214 71
214 145
214 82
46 82
134 232
134 15
121 15
184 311
142 311
381 386
317 111
317 267
54 48
54 328
131 328
156 86
156 373
156 168
82 226
70 226
400 68
400 163
400 267
400 371
9 255
182 86
296 180
78 85
78 279
204 51
234 56
211 171
209 214
33 186
33 163
33 197
312 197
167 155
167 289
84 289
347 289
347 124
347 106
392 336
142 336
142 59
79 238
79 391
30 80
269 80
115 80
51 121
312 298
312 361
233 361
319 377
124 341
44 341
44 76
3 76
268 76
268 213
274 201
383 50
383 279
330 147
385 236
71 236
264 236
270 236
176 236
378 236
278 236
278 240
144 240
49 163
49 79
233 29
361 134
240 134
219 377
219 340
198 341
232 356
213 195
30 173
333 198
243 198
243 172
344 172
34 172
13 172
309 172
309 290
217 344
173 102
267 301
159 301
400 353
217 181
217 143
152 10
325 10
290 279
266 279
266 119
266 196
193 274
193 373
193 212
182 179
182 342
303 274
303 240
274 240
91 16
295 16
97 16
37 16
128 241
26 268
298 311
298 61
31 61
8 61
238 91
357 72
346 369
102 369
44 369
324 19
192 391
192 82
53 82
12 360
12 83
12 184
12 220
363 8
363 358
363 61
84 61
250 169
250 48
163 48
163 187
367 51
96 7
393 183
73 129
73 277
164 174
164 130
150 130
80 233
184 302
184 220
224 220
29 220
299 19
22 76
372 76
372 18
372 66
41 274
100 99
166 251
166 245
85 245
145 58
302 203
302 326
230 364
138 364
138 161
21 161
399 128
103 229
377 229
377 385
305 196
400 94
335 94
129 94
129 329
183 112
105 166
105 262
196 262
250 41
250 137
250 80
378 60
43 381
43 114
294 114
85 114
92 185
317 185
317 184
172 184
172 31
64 31
342 45
51 237
51 93
341 93
327 93
235 93
188 93
188 299
400 125
397 187
58 187
349 187
266 187
266 108
266 274
266 344
266 87
266 100
362 146
362 63
362 389
225 96
94 96
94 188
269 163
398 43
10 43
10 156
363 156
363 360
324 42
324 274
141 78
362 78
362 306
362 285
362 173
362 382
316 380
53 181
53 361
78 72
115 289
383 389
193 90
312 90
174 226
174 268
37 397
37 386
116 120
381 341
158 245
158 382
66 225
116 209
116 342
363 342
35 342
284 342
33 182
360 278
92 278
336 278
336 165
148 165
148 359
148 290
206 68
346 68
346 149
114 149
117 149
117 131
171 393
320 393
106 393
2 393
247 176
160 176
326 298
219 244
219 255
219 373
192 373
192 315
192 63
203 204
203 320
112 335
100 19
277 19
277 350
67 350
67 78
31 80
164 80
86 80
187 80
282 80
147 151
155 34
155 318
347 318
347 257